 GUN    |   KPM   |   BPM   |   SME   |


rifle       34.0      36.0     10.08        3806
pistol      40.0      40.0     12.01        3497
sniper      38.0      40.0     9.09        4230
sniper      40.0      40.0     9.66        4105

pistol      34.0      36.0     14.76        2762
rifle       40.0      44.0     11.58        3550
sniper      48.0      48.0     9.07        4507
sniper      46.0      48.0     13.14        3413

sniper      40.0      48.0     19.14        2487
pistol      38.0      56.0     21.68        2053
rifle       44.0      54.0     35.9        1835
sniper      44.0      46.0     13.08        3373

rifle       34.0      34.0     11.07        3560
sniper      38.0      40.0     13.88        3091
pistol      44.0      54.0     49.16        1610
sniper      30.0      34.0     13.89        2869

sniper      46.0      46.0     10.22        4085
pistol      38.0      50.0     18.23        2475
rifle       50.0      52.0     10.63        4052
sniper      48.0      48.0     10.68        4008

pistol      32.0      36.0     20.53        2221
sniper      42.0      42.0     9.15        4328
rifle       44.0      46.0     11.56        3675
sniper      50.0      50.0     9.49        4411

rifle       44.0      50.0     11.89        3563
pistol      48.0      50.0     12.88        3509
sniper      52.0      56.0     9.74        4340
sniper      52.0      54.0     10.85        4044

rifle       42.0      42.0     9.18        4317
pistol      42.0      48.0     15.83        2885
sniper      48.0      52.0     12.28        3301
sniper      48.0      48.0     12.31        3637

sniper      44.0      44.0     5.66        6400
pistol      52.0      60.0     13.68        3412
rifle       60.0      64.0     10.3        4372
sniper      46.0      48.0     9.64        4242

rifle       36.0      36.0     8.44        4454
pistol      30.0      38.0     32.66        1588
sniper      40.0      42.0     26.07        2130
sniper      46.0      52.0     12.55        3480

pistol      56.0      62.0     14.32        3434
rifle       76.0      78.0     8.4        5451
sniper      72.0      74.0     11.77        4328
sniper      72.0      76.0     10.85        4524